# Wavelengths (nm)
828.6005
828.7601
828.9196
829.0790
829.2385
829.3979
829.5572
829.7165
829.8758
830.0351
830.1943
830.3534
830.5126
830.6716
830.8307
830.9897
831.1487
831.3076
831.4665
831.6254
831.7842
831.9430
832.1018
832.2605
832.4191
832.5778
832.7364
832.8949
833.0535
833.2119
833.3704
833.5288
833.6872
833.8455
834.0038
834.1621
834.3203
834.4785
834.6366
834.7947
834.9528
835.1108
835.2688
835.4268
835.5847
835.7426
835.9004
836.0582
836.2160
836.3737
836.5314
836.6891
836.8467
837.0042
837.1618
837.3193
837.4768
837.6342
837.7916
837.9489
838.1062
838.2635
838.4207
838.5779
838.7351
838.8922
839.0493
839.2064
839.3634
839.5203
839.6773
839.8342
839.9910
840.1478
840.3046
840.4614
840.6181
840.7748
840.9314
841.0880
841.2445
841.4011
841.5575
841.7140
841.8704
842.0268
842.1831
842.3394
842.4956
842.6518
842.8080
842.9642
843.1203
843.2763
843.4324
843.5883
843.7443
843.9002
844.0561
844.2119
844.3677
844.5235
844.6792
844.8349
844.9905
845.1462
845.3017
845.4573
845.6128
845.7682
845.9236
846.0790
846.2344
846.3897
846.5450
846.7002
846.8554
847.0105
847.1657
847.3207
847.4758
847.6308
847.7858
847.9407
848.0956
848.2504
848.4053
848.5600
848.7148
848.8695
849.0241
849.1788
849.3334
849.4879
849.6424
849.7969
849.9514
850.1058
850.2601
850.4144
850.5687
850.7230
850.8772
851.0314
851.1855
851.3396
851.4937
851.6477
851.8017
851.9556
852.1095
852.2634
852.4172
852.5710
852.7248
852.8785
853.0322
853.1859
853.3395
853.4930
853.6466
853.8001
853.9535
854.1069
854.2603
854.4137
854.5670
854.7202
854.8735
855.0267
855.1798
855.3329
855.4860
855.6391
855.7921
855.9450
856.0980
856.2508
856.4037
856.5565
856.7093
856.8620
857.0147
857.1674
857.3200
857.4726
857.6252
857.7777
857.9302
858.0826
858.2350
858.3874
858.5397
858.6920
858.8442
858.9964
859.1486
859.3007
859.4528
859.6049
859.7569
859.9089
860.0609
860.2128
860.3646
860.5165
860.6683
860.8200
860.9717
861.1234
861.2751
861.4267
861.5783
861.7298
861.8813
862.0327
862.1842
862.3355
862.4869
862.6382
862.7895
862.9407
863.0919
863.2430
863.3941
863.5452
863.6963
863.8473
863.9982
864.1492
864.3001
864.4509
864.6017
864.7525
864.9032
865.0539
865.2046
865.3552
865.5058
865.6564
865.8069
865.9574
866.1078
866.2582
866.4086
866.5589
866.7092
866.8594
867.0096
867.1598
867.3100
867.4600
867.6101
867.7601
867.9101
868.0601
868.2100
868.3598
868.5097
868.6595
868.8092
868.9590
869.1086
869.2583
869.4079
869.5575
869.7070
869.8565
870.0060
870.1554
870.3048
870.4541
870.6034
870.7527
870.9019
871.0511
871.2003
871.3494
871.4985
871.6475
871.7965
871.9455
872.0944
872.2433
872.3921
872.5410
872.6897
872.8385
872.9872
873.1359
873.2845
873.4331
873.5816
873.7301
873.8786
874.0271
874.1755
874.3238
874.4721
874.6204
874.7687
874.9169
875.0651
875.2132
875.3613
875.5094
875.6574
875.8054
875.9533
876.1013
876.2491
876.3970
876.5448
876.6925
876.8402
876.9879
877.1356
877.2832
877.4308
877.5783
877.7258
877.8733
878.0207
878.1681
878.3154
878.4627
878.6100
878.7572
878.9044
879.0516
879.1987
879.3458
879.4928
879.6398
879.7868
879.9337
880.0806
880.2275
880.3743
880.5211
880.6678
880.8145
880.9612
881.1078
881.2544
881.4010
881.5475
881.6940
881.8404
881.9868
882.1332
882.2795
882.4258
882.5721
882.7183
882.8645
883.0106
883.1567
883.3028
883.4488
883.5948
883.7408
883.8867
884.0326
884.1784
884.3242
884.4700
884.6157
884.7614
884.9070
885.0527
885.1982
885.3438
885.4893
885.6347
885.7802
885.9255
886.0709
886.2162
886.3615
886.5067
886.6519
886.7971
886.9422
887.0873
887.2323
887.3774
887.5223
887.6673
887.8122
887.9570
888.1019
888.2466
888.3914
888.5361
888.6808
888.8254
888.9700
889.1146
889.2591
889.4036
889.5480
889.6924
889.8368
889.9811
890.1254
890.2697
890.4139
890.5581
890.7023
890.8464
890.9904
891.1345
891.2785
891.4224
891.5663
891.7102
891.8541
891.9979
892.1417
892.2854
892.4291
892.5727
892.7164
892.8599
893.0035
893.1470
893.2905
893.4339
893.5773
893.7206
893.8640
894.0072
894.1505
894.2937
894.4369
894.5800
894.7231
894.8661
895.0092
895.1521
895.2951
895.4380
895.5809
895.7237
895.8665
896.0092
896.1520
896.2946
896.4373
896.5799
896.7224
896.8650
897.0075
897.1499
897.2923
897.4347
897.5771
897.7194
897.8616
898.0039
898.1460
898.2882
898.4303
898.5724
898.7144
898.8564
898.9984
899.1403
899.2822
899.4241
899.5659
899.7077
899.8494
899.9911
900.1328
900.2744
900.4160
900.5575
900.6991
900.8405
900.9820
901.1234
901.2647
901.4061
901.5473
901.6886
901.8298
901.9710
902.1121
902.2532
902.3943
902.5353
902.6763
902.8173
902.9582
903.0990
903.2399
903.3807
903.5214
903.6622
903.8029
903.9435
904.0841
904.2247
904.3652
904.5057
904.6462
904.7866
904.9270
905.0674
905.2077
905.3479
905.4882
905.6284
905.7685
905.9087
906.0487
906.1888
906.3288
906.4688
906.6087
906.7486
906.8885
907.0283
907.1681
907.3078
907.4475
907.5872
907.7269
907.8665
908.0060
908.1455
908.2850
908.4245
908.5639
908.7033
908.8426
908.9819
909.1211
909.2604
909.3996
909.5387
909.6778
909.8169
909.9559
910.0949
910.2339
910.3728
910.5117
910.6505
910.7893
910.9281
911.0668
911.2055
911.3442
911.4828
911.6214
911.7600
911.8985
912.0369
912.1754
912.3138
912.4521
912.5904
912.7287
912.8670
913.0052
913.1434
913.2815
913.4196
913.5576
913.6957
913.8337
913.9716
914.1095
914.2474
914.3852
914.5230
914.6608
914.7985
914.9362
915.0738
915.2114
915.3490
915.4865
915.6240
915.7615
915.8989
916.0363
916.1736
916.3109
916.4482
916.5854
916.7226
916.8598
916.9969
917.1340
917.2711
917.4081
917.5450
917.6820
917.8189
917.9557
918.0925
918.2293
918.3661
918.5028
918.6394
918.7761
918.9127
919.0492
919.1857
919.3222
919.4587
919.5951
919.7315
919.8678
920.0041
920.1403
920.2766
920.4127
920.5489
920.6850
920.8211
920.9571
921.0931
921.2291
921.3650
921.5009
921.6367
921.7725
921.9083
922.0440
922.1797
922.3154
922.4510
922.5866
922.7221
922.8576
922.9931
923.1285
923.2639
923.3993
923.5346
923.6699
923.8051
923.9403
924.0755
924.2106
924.3457
924.4808
924.6158
924.7508
924.8857
925.0206
925.1555
925.2904
925.4251
925.5599
925.6946
925.8293
925.9640
926.0986
926.2331
926.3677
926.5022
926.6366
926.7710
926.9054
927.0398
927.1741
927.3084
927.4426
927.5768
927.7109
927.8451
927.9791
928.1132
928.2472
928.3812
928.5151
928.6490
928.7829
928.9167
929.0505
929.1842
929.3179
929.4516
929.5852
929.7188
929.8524
929.9859
930.1194
930.2528
930.3862
930.5196
930.6529
930.7862
930.9195
931.0527
931.1859
931.3191
931.4522
931.5852
931.7183
931.8513
931.9842
932.1171
932.2500
932.3829
932.5157
932.6485
932.7812
932.9139
933.0466
933.1792
933.3118
933.4443
933.5768
933.7093
933.8417
933.9741
934.1065
934.2388
934.3711
934.5033
934.6355
934.7677
934.8999
935.0320
935.1640
935.2960
935.4280
935.5600
935.6919
935.8238
935.9556
936.0874
936.2192
936.3509
936.4826
936.6142
936.7458
936.8774
937.0089
937.1404
937.2719
937.4033
937.5347
937.6661
937.7974
937.9286
938.0599
938.1911
938.3222
938.4534
938.5845
938.7155
938.8465
938.9775
939.1084
939.2393
939.3702
939.5010
939.6318
939.7626
939.8933
940.0239
940.1546
940.2852
940.4158
940.5463
940.6768
940.8072
940.9376
941.0680
941.1983
941.3286
941.4589
941.5891
941.7193
941.8495
941.9796
942.1097
942.2397
942.3697
942.4997
942.6296
942.7595
942.8893
943.0192
943.1489
943.2787
943.4084
943.5380
943.6677
943.7973
943.9268
944.0563
944.1858
944.3153
944.4447
944.5740
944.7034
944.8326
944.9619
945.0911
945.2203
945.3494
945.4785
945.6076
945.7366
945.8656
945.9946
946.1235
946.2524
946.3812
946.5100
946.6388
946.7675
946.8962
947.0249
947.1535
947.2821
947.4106
947.5391
947.6676
947.7960
947.9244
948.0528
948.1811
948.3094
948.4376
948.5658
948.6940
948.8221
948.9502
949.0783
949.2063
949.3343
949.4622
949.5901
949.7180
949.8459
949.9736
950.1014
950.2291
950.3568
950.4845
950.6121
950.7396
950.8672
950.9947
951.1221
951.2496
951.3769
951.5043
951.6316
951.7589
951.8861
952.0133
952.1405
952.2676
952.3947
952.5217
952.6487
952.7757
952.9026
953.0295
953.1564
953.2832
953.4100
953.5368
953.6635
953.7902
953.9168
954.0434
954.1700
954.2965
954.4230
954.5494
954.6758
954.8022
954.9285
955.0548
955.1811
955.3073
955.4335
955.5597
955.6858
955.8119
955.9379
956.0639
956.1899
956.3158
956.4417
956.5675
956.6934
956.8191
956.9449
957.0706
957.1963
957.3219
957.4475
957.5730
957.6985
957.8240
957.9495
958.0749
958.2002
958.3256
958.4509
958.5761
958.7013
958.8265
958.9517
959.0768
959.2018
959.3269
959.4519
959.5768
959.7017
959.8266
959.9515
960.0763
960.2010
960.3258
960.4505
960.5751
960.6998
960.8243
960.9489
961.0734
961.1979
961.3223
961.4467
961.5711
961.6954
961.8197
961.9439
962.0681
962.1923
962.3164
962.4405
962.5646
962.6886
962.8126
962.9366
963.0605
963.1843
963.3082
963.4320
963.5557
963.6795
963.8031
963.9268
964.0504
964.1740
964.2975
964.4210
964.5445
964.6679
964.7913
964.9147
965.0380
965.1613
965.2845
965.4077
965.5309
965.6540
965.7771
965.9001
966.0232
966.1461
966.2691
966.3920
966.5148
966.6377
966.7605
966.8832
967.0059
967.1286
967.2513
967.3739
967.4964
967.6190
967.7415
967.8639
967.9863
968.1087
968.2311
968.3534
968.4756
968.5979
968.7201
968.8422
968.9644
969.0864
969.2085
969.3305
969.4525
969.5744
969.6963
969.8182
969.9400
970.0618
970.1835
970.3052
970.4269
970.5485
970.6701
970.7917
970.9132
971.0347
971.1562
971.2776
971.3989
971.5203
971.6416
971.7629
971.8841
972.0053
972.1264
972.2475
972.3686
972.4897
972.6107
972.7316
972.8525
972.9734
973.0943
973.2151
973.3359
973.4566
973.5773
973.6980
973.8186
973.9392
974.0598
974.1803
974.3008
974.4212
974.5416
